latitude0_deg: 40.443514994716764
longitude0_deg: -79.94626277936499
altitude0: 241.49362294345036
